1,10019,2018-02-15,123
2,10008,2018-01-21,123
3,10004,2018-01-13,123
4,10009,2018-05-25,123
5,10004,2018-01-23,123
6,10012,2018-04-02,123
7,10007,2018-01-21,123
8,10003,2018-01-29,123
9,10011,2018-02-18,123
10,10009,2018-04-26,123
11,10003,2018-02-12,123
12,10004,2018-03-12,123
13,10003,2018-02-18,123
14,10004,2018-02-03,123
15,10018,2018-01-26,123
16,10010,2018-04-09,123
17,10016,2018-05-07,123
18,10001,2018-04-12,123
19,10013,2018-04-19,123
20,10020,2018-04-03,123
21,10013,2018-02-11,123
22,10010,2018-04-24,123
23,10019,2018-01-04,123
24,10009,2018-02-23,123
25,10003,2018-03-21,123
26,10014,2018-02-02,123
27,10017,2018-04-30,123
28,10008,2018-05-25,123
29,10013,2018-01-13,123
30,10012,2018-01-05,123
31,10015,2018-03-20,123
32,10016,2018-02-25,123
33,10005,2018-04-26,123
34,10011,2018-03-13,123
35,10017,2018-05-07,123
36,10010,2018-05-29,123
37,10010,2018-04-23,123
38,10004,2018-02-26,123
39,10006,2018-05-14,123
40,10001,2018-04-11,123
41,10015,2018-04-24,123
42,10001,2018-01-30,123
43,10003,2018-04-05,123
44,10006,2018-02-15,123
45,10002,2018-01-22,123
46,10014,2018-01-02,123
47,10016,2018-01-07,123
48,10005,2018-04-07,123
49,10017,2018-02-22,123
50,10006,2018-03-05,123
51,10003,2018-02-20,123
52,10010,2018-05-12,123
53,10009,2018-01-30,123
54,10003,2018-04-03,123
55,10020,2018-02-13,123
56,10017,2018-03-26,123
57,10002,2018-01-28,123
58,10010,2018-04-14,123
59,10006,2018-05-07,123
60,10003,2018-02-14,123
61,10015,2018-05-30,123
62,10013,2018-01-21,123
63,10009,2018-04-07,123
64,10014,2018-03-23,123
65,10013,2018-04-07,123
66,10005,2018-01-31,123
67,10019,2018-02-17,123
68,10015,2018-02-01,123
69,10013,2018-05-17,123
70,10019,2018-04-25,123
71,10009,2018-03-21,123
72,10004,2018-05-10,123
73,10008,2018-01-19,123
74,10001,2018-04-08,123
75,10015,2018-02-18,123
76,10009,2018-04-22,123
77,10012,2018-05-10,123
78,10020,2018-01-23,123
79,10016,2018-03-09,123
80,10016,2018-01-12,123
81,10007,2018-01-24,123
82,10014,2018-01-10,123
83,10002,2018-03-26,123
84,10020,2018-02-15,123
85,10007,2018-04-10,123
86,10016,2018-01-05,123
87,10011,2018-05-24,123
88,10020,2018-03-21,123
89,10017,2018-05-10,123
90,10005,2018-04-03,123
91,10004,2018-01-16,123
92,10004,2018-05-02,123
93,10015,2018-01-13,123
94,10004,2018-03-19,123
95,10005,2018-03-16,123
96,10008,2018-01-03,123
97,10002,2018-01-03,123
98,10012,2018-02-03,123
99,10014,2018-03-09,123
100,10009,2018-03-05,123
